zju 1234 Chopsticks
一个怪人，吃东西时使用三个筷子，二短一长,设它们的长为a<=b<=c。
并定义它的“坏度”为(a-b)^2.这一天，他要请K个人来家里吃饭，另
外他自己家里还有8个人，因而要准备k+8双这种特别的筷子。但发现家
里的筷子全是不一样长的。请你将这些筷子分成K+8套，要求总的"坏度"
值最小。
输入：
T--------有多少个测试数据,这值在20以内.
K,N -------------  K代表将邀请多少个人,这个值在1000以内.N代表一共有多少筷子。
      N( 3K+24<=N<=5000)
接下来的一行将有按升序的N个数，代表每个筷子的长度.输出：
最小的总的"坏度"

Sample Input
1
1 40
1 8 10 16 19 22 27 33 36 40 47 52 56 61 63 71 72 75 81 81 84 88 96 98 103 110 113 118 124 128 129 134 134 139 148 157 157 160 162 164

Sample Output

23

Note
对于样例的数例，所配成的9套筷子是:
8,10,16; 19,22,27; 61,63,75; 71,72,88; 81,81,84; 96,98,103; 128,129,148; 134,134,139; 157,157,160

